# z = 0.7
#    qT            OS            SS
1.000000000000e-03  1.423968016281e-01  6.666740261164e-02
1.020000000000e-01  9.858900920277e+00  4.552383541161e+00
2.030000000000e-01  1.535410675757e+01  7.001138820956e+00
3.040000000000e-01  1.934662998902e+01  8.732883011294e+00
4.050000000000e-01  2.232868179343e+01  9.979644410263e+00
5.060000000000e-01  2.465209231261e+01  1.092569721028e+01
6.070000000000e-01  2.642005583183e+01  1.160790865400e+01
7.080000000000e-01  2.774472639973e+01  1.208727918096e+01
8.090000000000e-01  2.874476732140e+01  1.243165989048e+01
9.100000000000e-01  2.944851065209e+01  1.263942145238e+01
1.011000000000e+00  2.987078854919e+01  1.271397211996e+01
1.112000000000e+00  3.007353011338e+01  1.269480366695e+01
1.213000000000e+00  3.015326451532e+01  1.263785175004e+01
1.314000000000e+00  3.008859305642e+01  1.252158824713e+01
1.415000000000e+00  2.985164143963e+01  1.232497518354e+01
1.516000000000e+00  2.949514977828e+01  1.207764229407e+01
1.617000000000e+00  2.904829787851e+01  1.179279923057e+01
1.718000000000e+00  2.857705725098e+01  1.151069956583e+01
1.819000000000e+00  2.805219119682e+01  1.121540329169e+01
1.920000000000e+00  2.748131847812e+01  1.090145543440e+01
2.021000000000e+00  2.685659300325e+01  1.056628124524e+01
2.122000000000e+00  2.617660147011e+01  1.020811565037e+01
2.223000000000e+00  2.546198225794e+01  9.838800956251e+00
2.324000000000e+00  2.473052837968e+01  9.467403921570e+00
2.425000000000e+00  2.400764195015e+01  9.108950270984e+00
2.526000000000e+00  2.330021902146e+01  8.765332290217e+00
2.627000000000e+00  2.259506978065e+01  8.426443861522e+00
2.728000000000e+00  2.188003863374e+01  8.085099629874e+00
2.829000000000e+00  2.115732817049e+01  7.742988048693e+00
2.930000000000e+00  2.043084125346e+01  7.402056853988e+00
3.031000000000e+00  1.970465742784e+01  7.063578896731e+00
3.132000000000e+00  1.898931806610e+01  6.733360025903e+00
3.233000000000e+00  1.827901201231e+01  6.409247991163e+00
3.334000000000e+00  1.759265627676e+01  6.100865013935e+00
3.435000000000e+00  1.692789673365e+01  5.806296536027e+00
3.536000000000e+00  1.627737311522e+01  5.521068074865e+00
3.637000000000e+00  1.564758149195e+01  5.247822960955e+00
3.738000000000e+00  1.503331037438e+01  4.983483910215e+00
3.839000000000e+00  1.443862492193e+01  4.730348247639e+00
3.940000000000e+00  1.387004857910e+01  4.490529457998e+00
4.041000000000e+00  1.331460961156e+01  4.257033869139e+00
4.142000000000e+00  1.277403962187e+01  4.020681584169e+00
4.243000000000e+00  1.224798618266e+01  3.803050029575e+00
4.344000000000e+00  1.174037439045e+01  3.596307440373e+00
4.445000000000e+00  1.121759446271e+01  3.394768761810e+00
4.546000000000e+00  1.074168302835e+01  3.205978727107e+00
4.647000000000e+00  1.028010227361e+01  3.020304374501e+00
4.748000000000e+00  9.836206178501e+00  2.844256813323e+00
4.849000000000e+00  9.406066083096e+00  2.674859365720e+00
4.950000000000e+00  8.995801272995e+00  2.515884300317e+00
5.051000000000e+00  8.605895558842e+00  2.367477292568e+00
5.152000000000e+00  8.234605781731e+00  2.228416304910e+00
5.253000000000e+00  7.876849391550e+00  2.095855855669e+00
5.354000000000e+00  7.532566990919e+00  1.969408599008e+00
5.455000000000e+00  7.202452721144e+00  1.855709634066e+00
5.556000000000e+00  6.887932555725e+00  1.737067760641e+00
5.657000000000e+00  6.581915289729e+00  1.622026121740e+00
5.758000000000e+00  6.289076199872e+00  1.514122415287e+00
5.859000000000e+00  6.008667630401e+00  1.412191983399e+00
5.960000000000e+00  5.740166189092e+00  1.315478560108e+00
6.061000000000e+00  5.476849400275e+00  1.236293923815e+00
6.162000000000e+00  5.217457724124e+00  1.143486804928e+00
6.263000000000e+00  4.962832758165e+00  1.051745158813e+00
6.364000000000e+00  4.719940935377e+00  9.647140990268e-01
6.465000000000e+00  4.480321628668e+00  8.785754381932e-01
6.566000000000e+00  4.257233036333e+00  7.996511476615e-01
6.667000000000e+00  4.017971597489e+00  7.122918381334e-01
6.768000000000e+00  3.798307110741e+00  6.338362744622e-01
6.869000000000e+00  3.586915750108e+00  5.589508116580e-01
6.970000000000e+00  3.383226873045e+00  4.870886705296e-01
7.071000000000e+00  3.190598060561e+00  4.203024366391e-01
7.172000000000e+00  3.005324316985e+00  3.567840651842e-01
7.273000000000e+00  2.829237044109e+00  2.972830380962e-01
7.374000000000e+00  2.661828156685e+00  2.418742444801e-01
7.475000000000e+00  2.506186645570e+00  1.921677665669e-01
7.576000000000e+00  2.358160572388e+00  1.455806442667e-01
7.677000000000e+00  2.218853134248e+00  1.030290437916e-01
7.778000000000e+00  2.085671807674e+00  6.301139248322e-02
7.879000000000e+00  1.955431417057e+00  2.368278852809e-02
7.980000000000e+00  1.831511144680e+00  -1.311612649052e-02
8.081000000000e+00  1.708616959781e+00  -5.048635785751e-02
8.182000000000e+00  1.588477057230e+00  -8.750597129547e-02
8.283000000000e+00  1.469855114582e+00  -1.247548872910e-01
8.384000000000e+00  1.356034190978e+00  -1.848695407433e-01
8.485000000000e+00  1.242115305605e+00  -2.185068347371e-01
8.586000000000e+00  1.131810038474e+00  -2.497708507128e-01
8.687000000000e+00  1.027781428403e+00  -2.777283082427e-01
8.788000000000e+00  9.290290074646e-01  -3.034313977844e-01
8.889000000000e+00  8.337894386772e-01  -3.271506218192e-01
8.990000000000e+00  7.443222338099e-01  -3.485376536647e-01
9.091000000000e+00  6.593719508352e-01  -3.679203725162e-01
9.192000000000e+00  5.794502020728e-01  -3.862420092752e-01
9.293000000000e+00  5.032256104240e-01  -4.160149452210e-01
9.394000000000e+00  3.765053086558e-01  -4.515844487130e-01
9.495000000000e+00  3.086971235257e-01  -4.681482441123e-01
9.596000000000e+00  2.476626904914e-01  -4.814294431303e-01
9.697000000000e+00  2.280429233863e-01  -4.949519845864e-01
9.798000000000e+00  1.685746603959e-01  -5.067369106032e-01
9.899000000000e+00  1.114976029667e-01  -5.011657779702e-01
1.000000000000e+01  5.698041549754e-02  -5.129255331375e-01
