# z = 0.7
#    qT            OS            SS
1.000000000000e-03  1.715732331501e-01  7.803665342821e-02
1.020000000000e-01  1.076045977018e+01  4.978952690940e+00
2.030000000000e-01  1.667027801317e+01  7.620462865045e+00
3.040000000000e-01  2.088926356951e+01  9.456285789161e+00
4.050000000000e-01  2.399108841864e+01  1.075803893723e+01
5.060000000000e-01  2.636335752595e+01  1.172548907667e+01
6.070000000000e-01  2.813274160671e+01  1.240777924338e+01
7.080000000000e-01  2.942495920118e+01  1.286972609346e+01
8.090000000000e-01  3.037152475728e+01  1.318668420434e+01
9.100000000000e-01  3.101051476809e+01  1.336230834938e+01
1.011000000000e+00  3.135136623549e+01  1.339434855773e+01
1.112000000000e+00  3.147128357220e+01  1.333150638255e+01
1.213000000000e+00  3.146926333793e+01  1.323198495307e+01
1.314000000000e+00  3.131853571004e+01  1.307150550281e+01
1.415000000000e+00  3.099327116391e+01  1.282859558502e+01
1.516000000000e+00  3.055332664820e+01  1.253689137456e+01
1.617000000000e+00  3.002712097921e+01  1.220970033143e+01
1.718000000000e+00  2.947608605975e+01  1.188600862356e+01
1.819000000000e+00  2.887245555466e+01  1.155078816477e+01
1.920000000000e+00  2.822908299870e+01  1.119995405139e+01
2.021000000000e+00  2.753718847949e+01  1.083043201342e+01
2.122000000000e+00  2.679010598664e+01  1.043790337364e+01
2.223000000000e+00  2.601229585866e+01  1.003630851797e+01
2.324000000000e+00  2.522374692970e+01  9.635957474415e+00
2.425000000000e+00  2.444696174391e+01  9.250500864816e+00
2.526000000000e+00  2.368909275336e+01  8.882080313730e+00
2.627000000000e+00  2.293681370523e+01  8.520172231514e+00
2.728000000000e+00  2.217814581085e+01  8.157537502834e+00
2.829000000000e+00  2.141441916240e+01  7.795480931976e+00
2.930000000000e+00  2.064927134841e+01  7.435792751527e+00
3.031000000000e+00  1.988862149326e+01  7.080740894512e+00
3.132000000000e+00  1.914129165479e+01  6.735377559129e+00
3.233000000000e+00  1.840039018026e+01  6.396189965393e+00
3.334000000000e+00  1.768621494057e+01  6.074571961925e+00
3.435000000000e+00  1.699599980106e+01  5.768261340659e+00
3.536000000000e+00  1.632176757863e+01  5.472299617049e+00
3.637000000000e+00  1.566991748141e+01  5.189423665342e+00
3.738000000000e+00  1.503501350890e+01  4.916193346190e+00
3.839000000000e+00  1.442102988803e+01  4.654966357038e+00
3.940000000000e+00  1.383472916594e+01  4.408110379459e+00
4.041000000000e+00  1.326280760533e+01  4.168265010009e+00
4.142000000000e+00  1.270626422260e+01  3.924301665721e+00
4.243000000000e+00  1.216552347825e+01  3.700759524299e+00
4.344000000000e+00  1.164410459714e+01  3.488662482239e+00
4.445000000000e+00  1.110836667395e+01  3.282314291431e+00
4.546000000000e+00  1.062046603182e+01  3.089206300134e+00
4.647000000000e+00  1.014751569395e+01  2.898954063276e+00
4.748000000000e+00  9.692740460457e+00  2.718852768571e+00
4.849000000000e+00  9.252578186940e+00  2.545792751891e+00
4.950000000000e+00  8.833339906859e+00  2.383768850894e+00
5.051000000000e+00  8.435306318882e+00  2.232814461142e+00
5.152000000000e+00  8.056466092282e+00  2.091575089442e+00
5.253000000000e+00  7.691721948442e+00  1.957148124856e+00
5.354000000000e+00  7.340959578153e+00  1.829083055013e+00
5.455000000000e+00  7.005008848114e+00  1.713876228011e+00
5.556000000000e+00  6.685192683066e+00  1.593831987704e+00
5.657000000000e+00  6.374410662054e+00  1.477516722178e+00
5.758000000000e+00  6.077348749371e+00  1.369093248170e+00
5.859000000000e+00  5.792944675830e+00  1.266803591996e+00
5.960000000000e+00  5.521077504180e+00  1.184868157967e+00
6.061000000000e+00  5.254772257159e+00  1.091329490255e+00
6.162000000000e+00  4.992768886555e+00  9.982995244477e-01
6.263000000000e+00  4.735986054934e+00  9.065500392258e-01
6.364000000000e+00  4.492158586045e+00  8.206042926445e-01
6.465000000000e+00  4.251718088986e+00  7.354573346552e-01
6.566000000000e+00  4.017468486935e+00  6.524421778006e-01
6.667000000000e+00  3.788872524277e+00  5.714386668614e-01
6.768000000000e+00  3.569491500559e+00  4.943577316739e-01
6.869000000000e+00  3.358418847675e+00  4.208384922394e-01
6.970000000000e+00  3.155648260739e+00  3.506090385280e-01
7.071000000000e+00  2.964540008977e+00  2.857664109336e-01
7.172000000000e+00  2.780800795732e+00  2.241067154707e-01
7.273000000000e+00  2.606642965954e+00  1.666446390501e-01
7.374000000000e+00  2.441216284986e+00  1.132599212000e-01
7.475000000000e+00  2.289053147510e+00  6.636471213554e-02
7.576000000000e+00  2.142287570114e+00  2.161237084018e-02
7.677000000000e+00  2.005790009985e+00  -1.832729539704e-02
7.778000000000e+00  1.875479120032e+00  -5.576002853663e-02
7.879000000000e+00  1.748097731858e+00  -9.261241518089e-02
7.980000000000e+00  1.626997236186e+00  -1.269896844422e-01
8.081000000000e+00  1.506740488781e+00  -1.621541211552e-01
8.182000000000e+00  1.389462491685e+00  -1.969269122025e-01
8.283000000000e+00  1.273514344881e+00  -2.321229501640e-01
8.384000000000e+00  1.162290371637e+00  -2.656893904807e-01
8.485000000000e+00  1.050967919158e+00  -3.225158318551e-01
8.586000000000e+00  9.431780429616e-01  -3.518105569670e-01
8.687000000000e+00  8.419930505233e-01  -3.776963330399e-01
8.788000000000e+00  7.459760147157e-01  -4.014216998526e-01
8.889000000000e+00  6.527855627176e-01  -4.233706407719e-01
8.990000000000e+00  5.656513601594e-01  -4.431356751837e-01
9.091000000000e+00  4.828235477099e-01  -4.608063004241e-01
9.192000000000e+00  4.051370768558e-01  -4.774564611393e-01
9.293000000000e+00  3.309908385345e-01  -5.062718806598e-01
9.394000000000e+00  2.044087077053e-01  -5.415396305049e-01
9.495000000000e+00  1.413755618284e-01  -5.553424269547e-01
9.596000000000e+00  8.236927048047e-02  -5.671962893871e-01
9.697000000000e+00  6.516189465494e-02  -5.793843430445e-01
9.798000000000e+00  7.798838635335e-03  -5.897163015000e-01
9.899000000000e+00  -4.727819840958e-02  -5.990295357064e-01
1.000000000000e+01  -9.981177074630e-02  -5.930163630434e-01
