# ATLAS-style OS/SS ratio benchmark table
# cut = 60%, z = 0.70
# columns: xlow xhigh pythiaRatio pythiaErr LO NLO NNLO N3LO LO_over_PY NLO_over_PY NNLO_over_PY N3LO_over_PY
0 1 2.20602 0.10587 2.28824 2.27098 2.26245 2.2709 1.03727 1.02945 1.02558 1.02941
1 2 2.03691 0.0482692 2.44553 2.42998 2.43205 2.4375 1.20061 1.19297 1.19399 1.19667
2 3 2.1196 0.0545268 2.63434 2.63914 2.65375 2.64606 1.24285 1.24511 1.252 1.24837
3 4.5 2.05038 0.0582074 2.90494 2.99358 3.03806 2.99883 1.41678 1.46001 1.48171 1.46257
4.5 6 2.17052 0.0915538 3.28933 3.72831 3.8701 3.71108 1.51546 1.7177 1.78303 1.70976
6 8 2.16957 0.122266 3.90853 7.09551 8.23685 6.56928 1.80153 3.27048 3.79654 3.02792
8 10 1.94675 0.184239 5.67188 -1 -1 -1 2.91352 -1 -1 -1
