# cut 60
# z 0.70
# scale_LO 78.5129
# scale_NLO 45.4065
# scale_NNLO 46.5504
# scale_N3LO 48.5851
# columns: x1 x2 dataOS errOS dataSS errSS loOS nloOS nnloOS n3loOS loSS nloSS nnloSS n3loSS
0 1 1392 37.3095 631 25.1197 1047.94 1080.3 1081.2 1058.24 457.968 475.699 477.889 466.001
1 2 5408 73.5391 2655 51.5267 1430.78 1407.96 1408.25 1417.36 585.06 579.413 579.038 581.478
2 3 4714 68.6586 2224 47.1593 1207.43 1109.87 1112.65 1141.08 458.342 420.544 419.274 431.237
3 4.5 3785 61.5224 1846 42.9651 1281.41 1053.01 1057.39 1102.69 441.113 351.758 348.048 367.708
4.5 6 1782 42.2137 821 28.6531 803.854 547.945 547.78 584.795 244.382 146.969 141.542 157.581
6 8 998 31.5911 460 21.4476 621.335 302.925 301.839 336.655 158.969 42.6925 36.645 51.2469
8 10 329 18.1384 169 13 322.208 55.6536 57.5903 77.5264 56.8079 -35.9169 -39.4358 -31.9287
