# columns: cut nOS meanOS semOS peakOS peakErrGeVOS peakCountOS peakCountErrOS nSS meanSS semSS peakSS peakErrGeVSS peakCountSS peakCountErrSS
0 20413628 1.39092 0.000176136 1.05 0.05 1.6121e+06 1269.68 19337250 1.37628 0.000176007 1.05 0.05 1.5475e+06 1243.98
5 14604946 1.4877 0.000215154 1.05 0.05 1.12618e+06 1061.21 13654383 1.47166 0.000215603 1.05 0.05 1.07032e+06 1034.57
10 7802131 1.66017 0.000324322 1.25 0.05 528976 727.307 7080266 1.64027 0.000328808 1.25 0.05 488810 699.149
15 4126299 1.83356 0.000495889 1.25 0.05 245754 495.736 3606668 1.8095 0.000511371 1.25 0.05 219062 468.041
20 2221255 2.00353 0.000747669 1.35 0.05 117176 342.31 1858893 1.97627 0.000788602 1.35 0.05 100752 317.415
25 1212083 2.1684 0.00111194 1.45 0.05 57372 239.525 968591 2.13629 0.0012007 1.45 0.05 46983 216.756
30 667097 2.32603 0.00163225 1.45 0.05 28710 169.44 505789 2.29001 0.00181408 1.55 0.05 22476 149.92
35 369382 2.47048 0.00236986 1.55 0.05 14752 121.458 263435 2.43175 0.00271849 1.55 0.05 10776 103.808
40 204749 2.60311 0.00341912 1.55 0.05 7594 87.1436 136652 2.56745 0.00407355 1.65 0.05 5199 72.1041
45 113342 2.72801 0.00490688 1.75 0.05 4030 63.4823 70448 2.68834 0.00606501 1.75 0.05 2577 50.7642
50 62430 2.84135 0.00704658 1.75 0.05 2136 46.2169 35846 2.79258 0.00897863 1.85 0.05 1276 35.7211
55 34241 2.9248 0.0100314 1.85 0.05 1138 33.7343 17919 2.88121 0.0133675 1.85 0.05 616 24.8193
60 18563 2.98781 0.0142696 1.85 0.05 609 24.6779 8864 2.95811 0.0199981 1.95 0.05 307 17.5214
65 10057 3.02932 0.0201494 1.75 0.05 323 17.9722 4302 2.9699 0.0293954 1.85 0.05 144 12
70 5321 3.0491 0.0283676 1.35 0.05 169 13 2034 2.96089 0.0433771 1.35 0.05 74 8.60233
75 2743 3.01935 0.0393089 2.15 0.05 92 9.59166 900 2.96506 0.0681379 1.35 0.05 41 6.40312
80 1366 3.00906 0.0571134 1.95 0.05 50 7.07107 376 2.83039 0.100684 1.25 0.05 19 4.3589
85 659 2.89504 0.0811118 1.35 0.05 27 5.19615 156 2.76947 0.159911 1.35 0.05 11 3.31662
90 309 2.87 0.120255 1.35 0.05 12 3.4641 74 2.83396 0.257244 1.35 0.05 6 2.44949
