# columns: cut nOS peakOS leftOS rightOS widthErrOS nPeakOS sqrtNPeakOS statErrOS nSS peakSS leftSS rightSS widthErrSS nPeakSS sqrtNPeakSS statErrSS
0 20411475 1.025 0.6 1.65 0.525 1.36263e+07 3691.38 7.50829e-05 19335627 1.025 0.6 1.65 0.525 1.30413e+07 3611.28 7.66427e-05
5 14603118 1.075 0.65 1.75 0.55 9.85510e+06 3139.28 9.18789e-05 13653056 1.075 0.65 1.75 0.55 9.32707e+06 3054.03 9.42366e-05
10 7800648 1.225 0.75 1.95 0.6 5.14517e+06 2268.3 0.000140468 7079270 1.175 0.75 1.95 0.6 4.73886e+06 2176.89 0.00014606
15 4125080 1.275 0.75 2.2 0.725 2.82259e+06 1680.06 0.000227374 3605917 1.275 0.75 2.15 0.7 2.45206e+06 1565.9 0.000235537
20 2220249 1.375 0.8 2.4 0.8 1.49951e+06 1224.55 0.000346471 1858295 1.325 0.8 2.35 0.775 1.25045e+06 1118.24 0.000367445
25 1211257 1.425 0.8 2.6 0.9 823755 907.609 0.000524428 968134 1.475 0.8 2.6 0.9 669723 818.366 0.000580423
30 666420 1.475 0.85 2.8 0.975 449695 670.593 0.00077377 505441 1.525 0.85 2.75 0.95 341687 584.54 0.000865497
35 368828 1.525 0.85 3 1.075 251766 501.763 0.0011384 263180 1.475 0.85 2.95 1.05 180004 424.269 0.00131319
40 204288 1.625 0.85 3.2 1.175 141127 375.669 0.00165746 136446 1.775 0.85 3.05 1.1 91983 303.287 0.00192903
45 112963 1.775 0.85 3.3 1.225 77227 277.897 0.00234261 70291 1.775 0.85 3.25 1.2 48186 219.513 0.00290206
50 62121 1.575 0.85 3.35 1.25 41626 204.025 0.0032642 35731 1.775 0.9 3.35 1.225 24122 155.313 0.00422971
55 34007 1.775 0.85 3.4 1.275 22426 149.753 0.00453113 17832 1.825 0.9 3.35 1.225 11726 108.287 0.00608913
60 18408 1.825 0.9 3.25 1.175 11266 106.141 0.00592422 8806 1.775 0.9 3.25 1.175 5509 74.2226 0.00852619
65 9958 1.825 0.85 3.4 1.275 6362 79.7621 0.00852488 4268 1.825 0.9 3.25 1.175 2654 51.517 0.0123659
70 5269 1.275 0.8 3.4 1.3 3351 57.8878 0.0120661 2019 1.875 0.95 2.55 0.8 935 30.5778 0.0142766
75 2716 2.125 0.75 3.4 1.325 1763 41.9881 0.0169329 892 1.325 0.95 2.5 0.775 408 20.199 0.0215137
80 1351 1.225 0.95 3.4 1.225 840 28.9828 0.0230842 375 1.275 1 2.05 0.525 125 11.1803 0.0269179
85 651 1.175 1 2.6 0.8 312 17.6635 0.0255601 155 1.375 1.25 1.6 0.175 30 5.47723 0.0179092
90 305 1.325 0.65 1.9 0.625 101 10.0499 0.0344984 73 1.375 1.25 1.5 0.125 12 3.4641 0.0175132
