# benchmark_cut 60
# benchmark_z 0.70
# benchmark_scale 48.5851
# benchmark_chi2PerOS 270.092
# benchmark_chi2PerSS 277.167
# benchmark_score 547.259
# columns: cut z scale chi2OS nOS chi2PerOS chi2SS nSS chi2PerSS score scoreOverBenchmark osCount ssCount totalCount
5 0.05 1.05234 1.12023e+11 34 3.2948e+09 1.33506e+11 33 4.04564e+09 7.34044e+09 1.34131e+07 14604946 13654383 28259329
10 0.05 0.489001 3.01831e+10 34 8.87739e+08 3.78295e+10 33 1.14635e+09 2.03409e+09 3.71686e+06 7802131 7080266 14882397
15 0.05 0.228028 8.11081e+09 34 2.38553e+08 1.05601e+10 33 3.20004e+08 5.58557e+08 1.02064e+06 4126299 3606668 7732967
20 0.05 0.110148 2.29239e+09 34 6.74234e+07 3.13603e+09 33 9.50312e+07 1.62455e+08 296851 2221255 1858893 4080148
25 0.05 0.0537843 6.53459e+08 34 1.92194e+07 9.27999e+08 33 2.81212e+07 4.73406e+07 86504.8 1212083 968591 2180674
30 0.05 0.0268431 1.98688e+08 34 5.84376e+06 2.88921e+08 33 8.75517e+06 1.45989e+07 26676.4 667097 505789 1172886
35 0.05 0.0138144 6.45796e+07 34 1.8994e+06 9.96453e+07 33 3.01955e+06 4.91895e+06 8988.34 369382 263435 632817
40 0.05 0.00715811 2.19522e+07 34 645653 3.41863e+07 33 1.03595e+06 1.6816e+06 3072.77 204749 136652 341401
45 0.05 0.00366665 7.64251e+06 34 224780 1.20443e+07 33 364978 589758 1077.66 113342 70448 183790
50 0.05 0.00196491 2.99158e+06 34 87987.5 5.12134e+06 33 155192 243180 444.359 62430 35846 98276
55 0.05 0.00103796 1.3002e+06 34 38241 2.42544e+06 33 73498 111739 204.179 34241 17919 52160
60 0.05 0.00055315 577024 34 16971.3 1.18523e+06 33 35916.1 52887.4 96.6405 18563 8864 27427
65 0.05 0.000293 273666 34 8049 709648 33 21504.5 29553.5 54.0027 10057 4302 14359
70 0.05 0.00014801 117958 34 3469.35 468900 33 14209.1 17678.4 32.3036 5321 2034 7355
75 0.05 8.00463e-05 85760.3 34 2522.36 262286 33 7948.06 10470.4 19.1325 2743 900 3643
80 0.05 4.22886e-05 46503.5 34 1367.75 88035.8 29 3035.72 4403.47 8.0464 1366 376 1742
85 0.05 2.11443e-05 28860 34 848.822 30660.5 26 1179.25 2028.07 3.70587 659 156 815
90 0.05 9.43943e-06 5093.18 30 169.773 4792 19 252.21 421.983 0.771085 309 74 383
5 0.1 6.08831 8.245e+10 38 2.16974e+09 1.00247e+11 38 2.63809e+09 4.80782e+09 8.78528e+06 14604946 13654383 28259329
10 0.1 2.8291 2.2205e+10 38 5.84341e+08 2.8366e+10 38 7.46474e+08 1.33082e+09 2.43178e+06 7802131 7080266 14882397
15 0.1 1.31925 5.9627e+09 38 1.56913e+08 7.92022e+09 38 2.08427e+08 3.6534e+08 667582 4126299 3606668 7732967
20 0.1 0.637258 1.687e+09 38 4.43946e+07 2.35096e+09 38 6.18673e+07 1.06262e+08 194171 2221255 1858893 4080148
25 0.1 0.311168 4.81697e+08 38 1.26762e+07 6.97094e+08 38 1.83446e+07 3.10208e+07 56684 1212083 968591 2180674
30 0.1 0.1553 1.46625e+08 38 3.85856e+06 2.17741e+08 38 5.73004e+06 9.5886e+06 17521.1 667097 505789 1172886
35 0.1 0.0799229 4.78762e+07 38 1.2599e+06 7.53851e+07 38 1.98382e+06 3.24372e+06 5927.21 369382 263435 632817
40 0.1 0.041413 1.6363e+07 38 430605 2.61502e+07 38 688164 1.11877e+06 2044.31 204749 136652 341401
45 0.1 0.0212133 5.72367e+06 38 150623 9.35245e+06 38 246117 396740 724.958 113342 70448 183790
50 0.1 0.0113679 2.26387e+06 38 59575.6 4.04873e+06 38 106545 166121 303.551 62430 35846 98276
55 0.1 0.00600508 985063 38 25922.7 1.92893e+06 38 50761.4 76684.1 140.124 34241 17919 52160
60 0.1 0.00320024 439724 38 11571.7 954829 38 25127.1 36698.8 67.0592 18563 8864 27427
65 0.1 0.00169514 208353 38 5482.98 569782 38 14994.3 20477.2 37.4178 10057 4302 14359
70 0.1 0.000856309 90329.4 38 2377.09 365700 38 9623.67 12000.8 21.9288 5321 2034 7355
75 0.1 0.000463106 64209.5 38 1689.72 213707 38 5623.87 7313.59 13.364 2743 900 3643
80 0.1 0.00024466 35017 38 921.501 83593.4 34 2458.63 3380.13 6.17647 1366 376 1742
85 0.1 0.00012233 23086.1 38 607.529 33026.2 31 1065.36 1672.89 3.05686 659 156 815
90 0.1 5.46115e-05 4685.67 34 137.814 5691.18 24 237.132 374.946 0.685135 309 74 383
5 0.15 22.6777 4.95821e+10 40 1.23955e+09 6.03941e+10 40 1.50985e+09 2.74941e+09 5.02396e+06 14604946 13654383 28259329
10 0.15 10.5378 1.33457e+10 40 3.33642e+08 1.70686e+10 40 4.26715e+08 7.60357e+08 1.38939e+06 7802131 7080266 14882397
15 0.15 4.91394 3.58073e+09 40 8.95181e+07 4.76494e+09 40 1.19123e+08 2.08642e+08 381248 4126299 3606668 7732967
20 0.15 2.37365 1.01321e+09 40 2.53302e+07 1.41364e+09 40 3.53411e+07 6.06712e+07 110864 2221255 1858893 4080148
25 0.15 1.15904 2.89435e+08 40 7.23586e+06 4.1968e+08 40 1.0492e+07 1.77279e+07 32393.9 1212083 968591 2180674
30 0.15 0.57846 8.80917e+07 40 2.20229e+06 1.31387e+08 40 3.28467e+06 5.48696e+06 10026.3 667097 505789 1172886
35 0.15 0.297696 2.88179e+07 40 720448 4.5633e+07 40 1.14082e+06 1.86127e+06 3401.08 369382 263435 632817
40 0.15 0.154255 9.86866e+06 40 246717 1.59656e+07 40 399141 645857 1180.17 204749 136652 341401
45 0.15 0.0790152 3.45303e+06 40 86325.6 5.77585e+06 40 144396 230722 421.595 113342 70448 183790
50 0.15 0.0423432 1.37131e+06 40 34282.8 2.53573e+06 40 63393.3 97676.1 178.482 62430 35846 98276
55 0.15 0.0223677 595137 40 14878.4 1.21638e+06 40 30409.4 45287.8 82.7539 34241 17919 52160
60 0.15 0.0119202 265972 40 6649.3 609061 40 15226.5 21875.8 39.9734 18563 8864 27427
65 0.15 0.00631405 125693 40 3142.33 363346 40 9083.66 12226 22.3404 10057 4302 14359
70 0.15 0.00318957 54437.5 40 1360.94 228694 40 5717.34 7078.28 12.9341 5321 2034 7355
75 0.15 0.00172497 38387.3 40 959.682 138157 40 3453.92 4413.6 8.06493 2743 900 3643
80 0.15 0.000911307 21125 40 528.126 60243.4 36 1673.43 2201.55 4.02287 1366 376 1742
85 0.15 0.000455653 14505.9 40 362.648 26106.7 33 791.112 1153.76 2.10825 659 156 815
90 0.15 0.000203417 3200.47 36 88.9021 4930.21 26 189.623 278.525 0.508946 309 74 383
5 0.2 65.9693 2.80092e+10 40 7.00231e+08 3.35415e+10 40 8.38537e+08 1.53877e+09 2.81177e+06 14604946 13654383 28259329
10 0.2 30.6545 7.5359e+09 40 1.88398e+08 9.46996e+09 40 2.36749e+08 4.25146e+08 776865 7802131 7080266 14882397
15 0.2 14.2946 2.02074e+09 40 5.05184e+07 2.64402e+09 40 6.61006e+07 1.16619e+08 213097 4126299 3606668 7732967
20 0.2 6.90495 5.72038e+08 40 1.43009e+07 7.8465e+08 40 1.96163e+07 3.39172e+07 61976.5 2221255 1858893 4080148
25 0.2 3.37163 1.63565e+08 40 4.08913e+06 2.33531e+08 40 5.83827e+06 9.9274e+06 18140.2 1212083 968591 2180674
30 0.2 1.68274 4.98179e+07 40 1.24545e+06 7.3435e+07 40 1.83588e+06 3.08132e+06 5630.47 667097 505789 1172886
35 0.2 0.865997 1.63405e+07 40 408512 2.56621e+07 40 641553 1.05007e+06 1918.77 369382 263435 632817
40 0.2 0.448727 5.61121e+06 40 140280 9.0936e+06 40 227340 367620 671.748 204749 136652 341401
45 0.2 0.229855 1.96309e+06 40 49077.3 3.34574e+06 40 83643.6 132721 242.519 113342 70448 183790
50 0.2 0.123176 782156 40 19553.9 1.49381e+06 40 37345.2 56899.1 103.971 62430 35846 98276
55 0.2 0.0650675 337398 40 8434.94 723610 40 18090.2 26525.2 48.4691 34241 17919 52160
60 0.2 0.0346759 150404 40 3760.1 366457 40 9161.43 12921.5 23.6114 18563 8864 27427
65 0.2 0.0183676 70675.4 40 1766.89 218186 40 5454.64 7221.53 13.1958 10057 4302 14359
70 0.2 0.00927846 30442.3 40 761.058 134152 40 3353.8 4114.86 7.51904 5321 2034 7355
75 0.2 0.00501794 21397 40 534.926 83662.4 40 2091.56 2626.49 4.79935 2743 900 3643
80 0.2 0.00265099 11884.8 40 297.119 40158.2 36 1115.51 1412.63 2.58127 1366 376 1742
85 0.2 0.00132549 8460.52 40 211.513 19002.3 33 575.828 787.341 1.4387 659 156 815
90 0.2 0.000591738 2006.18 36 55.7272 3921.36 26 150.822 206.549 0.377424 309 74 383
5 0.25 169.965 1.67228e+10 40 4.18069e+08 1.92236e+10 40 4.80589e+08 8.98658e+08 1.64211e+06 14604946 13654383 28259329
10 0.25 78.9788 4.49849e+09 40 1.12462e+08 5.42369e+09 40 1.35592e+08 2.48055e+08 453267 7802131 7080266 14882397
15 0.25 36.8289 1.20606e+09 40 3.01515e+07 1.51517e+09 40 3.78794e+07 6.80309e+07 124312 4126299 3606668 7732967
20 0.25 17.79 3.4173e+08 40 8.54326e+06 4.5025e+08 40 1.12563e+07 1.97995e+07 36179.4 2221255 1858893 4080148
25 0.25 8.68673 9.78759e+07 40 2.4469e+06 1.34529e+08 40 3.36322e+06 5.81012e+06 10616.8 1212083 968591 2180674
30 0.25 4.33544 2.98666e+07 40 746664 4.25861e+07 40 1.06465e+06 1.81132e+06 3309.8 667097 505789 1172886
35 0.25 2.23117 9.83289e+06 40 245822 1.50154e+07 40 375385 621208 1135.13 369382 263435 632817
40 0.25 1.15611 3.39019e+06 40 84754.7 5.4081e+06 40 135203 219957 401.925 204749 136652 341401
45 0.25 0.592202 1.18623e+06 40 29655.8 2.03232e+06 40 50808.1 80463.9 147.031 113342 70448 183790
50 0.25 0.317354 474012 40 11850.3 923438 40 23085.9 34936.2 63.8386 62430 35846 98276
55 0.25 0.167641 202660 40 5066.51 452265 40 11306.6 16373.1 29.9184 34241 17919 52160
60 0.25 0.0893395 89782.8 40 2244.57 231168 40 5779.2 8023.77 14.6617 18563 8864 27427
65 0.25 0.0473225 41820.1 40 1045.5 137133 40 3428.33 4473.83 8.17498 10057 4302 14359
70 0.25 0.0239052 17845.8 40 446.144 82131.1 40 2053.28 2499.42 4.56716 5321 2034 7355
75 0.25 0.0129283 12552.4 40 313.81 52636.5 40 1315.91 1629.72 2.97797 2743 900 3643
80 0.25 0.00683005 7025.46 40 175.636 27286 36 757.944 933.581 1.70592 1366 376 1742
85 0.25 0.00341503 5153.83 40 128.846 13905.6 33 421.38 550.226 1.00542 659 156 815
90 0.25 0.00152457 1296.61 36 36.0169 3082.18 26 118.546 154.562 0.28243 309 74 383
5 0.3 409.337 1.09222e+10 40 2.73055e+08 1.17343e+10 40 2.93358e+08 5.66413e+08 1.035e+06 14604946 13654383 28259329
10 0.3 190.21 2.93847e+09 40 7.34618e+07 3.30941e+09 40 8.27353e+07 1.56197e+08 285417 7802131 7080266 14882397
15 0.3 88.6977 7.88064e+08 40 1.97016e+07 9.2543e+08 40 2.31358e+07 4.28374e+07 78276.2 4126299 3606668 7732967
20 0.3 42.845 2.23633e+08 40 5.59083e+06 2.75611e+08 40 6.89027e+06 1.24811e+07 22806.6 2221255 1858893 4080148
25 0.3 20.9209 6.42147e+07 40 1.60537e+06 8.27661e+07 40 2.06915e+06 3.67452e+06 6714.41 1212083 968591 2180674
30 0.3 10.4413 1.96584e+07 40 491460 2.64214e+07 40 660534 1.15199e+06 2105.03 667097 505789 1172886
35 0.3 5.37349 6.50504e+06 40 162626 9.41795e+06 40 235449 398075 727.397 369382 263435 632817
40 0.3 2.78434 2.25565e+06 40 56391.4 3.45442e+06 40 86360.5 142752 260.849 204749 136652 341401
45 0.3 1.42624 790318 40 19758 1.32832e+06 40 33208 52965.9 96.784 113342 70448 183790
50 0.3 0.764305 316914 40 7922.85 613521 40 15338 23260.9 42.5043 62430 35846 98276
55 0.3 0.403742 134108 40 3352.69 303691 40 7592.27 10945 19.9996 34241 17919 52160
60 0.3 0.215163 58901.8 40 1472.55 156222 40 3905.55 5378.1 9.82733 18563 8864 27427
65 0.3 0.11397 27138.2 40 678.454 92222.8 40 2305.57 2984.03 5.45267 10057 4302 14359
70 0.3 0.0575725 11442.4 40 286.061 53799.5 40 1344.99 1631.05 2.98039 5321 2034 7355
75 0.3 0.0311362 8067.98 40 201.7 35241.9 40 881.047 1082.75 1.97849 2743 900 3643
80 0.3 0.0164493 4537.73 40 113.443 19370.4 36 538.066 651.51 1.1905 1366 376 1742
85 0.3 0.00822465 3408.62 40 85.2156 10485.8 33 317.752 402.968 0.736339 659 156 815
90 0.3 0.00367172 900.409 36 25.0114 2453.92 26 94.3815 119.393 0.218165 309 74 383
5 0.35 940.961 7.58518e+09 40 1.89629e+08 7.44837e+09 40 1.86209e+08 3.75839e+08 686765 14604946 13654383 28259329
10 0.35 437.244 2.04159e+09 40 5.10397e+07 2.10036e+09 40 5.25089e+07 1.03549e+08 189213 7802131 7080266 14882397
15 0.35 203.893 5.47989e+08 40 1.36997e+07 5.88146e+08 40 1.47036e+07 2.84034e+07 51901.1 4126299 3606668 7732967
20 0.35 98.4896 1.55856e+08 40 3.89639e+06 1.75703e+08 40 4.39259e+06 8.28898e+06 15146.4 2221255 1858893 4080148
25 0.35 48.0917 4.49156e+07 40 1.12289e+06 5.30942e+07 40 1.32735e+06 2.45024e+06 4477.3 1212083 968591 2180674
30 0.35 24.0019 1.38168e+07 40 345420 1.71221e+07 40 428053 773473 1413.36 667097 505789 1172886
35 0.35 12.3523 4.6033e+06 40 115083 6.18146e+06 40 154536 269619 492.672 369382 263435 632817
40 0.35 6.40047 1.60876e+06 40 40219.1 2.31298e+06 40 57824.4 98043.5 179.154 204749 136652 341401
45 0.35 3.27856 565444 40 14136.1 911305 40 22782.6 36918.7 67.4611 113342 70448 183790
50 0.35 1.75694 227846 40 5696.15 427344 40 10683.6 16379.7 29.9305 62430 35846 98276
55 0.35 0.928099 95373.2 40 2384.33 213644 40 5341.11 7725.44 14.1166 34241 17919 52160
60 0.35 0.494603 41461.7 40 1036.54 110334 40 2758.34 3794.88 6.93434 18563 8864 27427
65 0.35 0.261988 18861.5 40 471.538 64754.2 40 1618.85 2090.39 3.81975 10057 4302 14359
70 0.35 0.132344 7842.42 40 196.061 36778.7 40 919.468 1115.53 2.03839 5321 2034 7355
75 0.35 0.071574 5543.36 40 138.584 24537.2 40 613.429 752.013 1.37414 2743 900 3643
80 0.35 0.0378127 3123.04 40 78.076 14126 36 392.388 470.464 0.859674 1366 376 1742
85 0.35 0.0189063 2389.93 40 59.7483 8054.03 33 244.061 303.81 0.555148 659 156 815
90 0.35 0.00844033 659.542 36 18.3206 1967.14 26 75.6594 93.98 0.171729 309 74 383
5 0.4 2060.23 5.47932e+09 40 1.36983e+08 4.81784e+09 40 1.20446e+08 2.57429e+08 470397 14604946 13654383 28259329
10 0.4 957.345 1.47609e+09 40 3.69022e+07 1.3588e+09 40 3.39701e+07 7.08723e+07 129504 7802131 7080266 14882397
15 0.4 446.424 3.96795e+08 40 9.91987e+06 3.81279e+08 40 9.53198e+06 1.94519e+07 35544.1 4126299 3606668 7732967
20 0.4 215.643 1.1322e+08 40 2.8305e+06 1.14417e+08 40 2.86043e+06 5.69093e+06 10399 2221255 1858893 4080148
25 0.4 105.297 3.27955e+07 40 819886 3.48631e+07 40 871578 1.69146e+06 3090.79 1212083 968591 2180674
30 0.4 52.5522 1.01579e+07 40 253948 1.13917e+07 40 284792 538740 984.434 667097 505789 1172886
35 0.4 27.0452 3.41507e+06 40 85376.9 4.17856e+06 40 104464 189841 346.894 369382 263435 632817
40 0.4 14.0138 1.20618e+06 40 30154.5 1.60052e+06 40 40013.1 70167.6 128.216 204749 136652 341401
45 0.4 7.17841 426323 40 10658.1 648088 40 16202.2 26860.3 49.0815 113342 70448 183790
50 0.4 3.84682 172983 40 4324.59 308488 40 7712.2 12036.8 21.9947 62430 35846 98276
55 0.4 2.03207 71630.1 40 1790.75 155723 40 3893.07 5683.82 10.386 34241 17919 52160
60 0.4 1.08293 30786.1 40 769.652 80575.1 40 2014.38 2784.03 5.08723 18563 8864 27427
65 0.4 0.573622 13801.6 40 345.04 46943.5 40 1173.59 1518.63 2.77497 10057 4302 14359
70 0.4 0.289768 5651.08 40 141.277 25895.6 40 647.389 788.666 1.44112 5321 2034 7355
75 0.4 0.156711 3997.74 40 99.9434 17553.4 40 438.836 538.779 0.984504 2743 900 3643
80 0.4 0.0827908 2247.67 40 56.1918 10511.9 36 291.996 348.188 0.63624 1366 376 1742
85 0.4 0.0413954 1743.5 40 43.5875 6288.18 33 190.551 234.138 0.427838 659 156 815
90 0.4 0.0184801 501.511 36 13.9309 1593.45 26 61.2867 75.2175 0.137444 309 74 383
5 0.45 4314.03 4.03993e+09 40 1.00998e+08 3.06706e+09 40 7.66766e+07 1.77675e+08 324663 14604946 13654383 28259329
10 0.45 2004.64 1.08981e+09 40 2.72453e+07 8.65639e+08 40 2.1641e+07 4.88863e+07 89329.3 7802131 7080266 14882397
15 0.45 934.791 2.93638e+08 40 7.34095e+06 2.43743e+08 40 6.09357e+06 1.34345e+07 24548.7 4126299 3606668 7732967
20 0.45 451.546 8.41666e+07 40 2.10416e+06 7.36834e+07 40 1.84209e+06 3.94625e+06 7210.94 2221255 1858893 4080148
25 0.45 220.486 2.45518e+07 40 613795 2.27377e+07 40 568443 1.18224e+06 2160.29 1212083 968591 2180674
30 0.45 110.042 7.67758e+06 40 191939 7.57475e+06 40 189369 381308 696.76 667097 505789 1172886
35 0.45 56.6315 2.6126e+06 40 65315 2.84144e+06 40 71035.9 136351 249.152 369382 263435 632817
40 0.45 29.3443 935768 40 23394.2 1.12243e+06 40 28060.7 51454.9 94.023 204749 136652 341401
45 0.45 15.0313 333597 40 8339.94 470263 40 11756.6 20096.5 36.7221 113342 70448 183790
50 0.45 8.05506 136640 40 3416 227553 40 5688.82 9104.82 16.6371 62430 35846 98276
55 0.45 4.25506 55980.6 40 1399.52 116056 40 2901.41 4300.93 7.85903 34241 17919 52160
60 0.45 2.26761 23773.4 40 594.334 60069.6 40 1501.74 2096.07 3.83013 18563 8864 27427
65 0.45 1.20114 10494.3 40 262.358 34656.3 40 866.407 1128.77 2.06258 10057 4302 14359
70 0.45 0.606761 4230.26 40 105.757 18455.5 40 461.388 567.145 1.03634 5321 2034 7355
75 0.45 0.328146 2988.31 40 74.7078 12694.5 40 317.363 392.071 0.716427 2743 900 3643
80 0.45 0.17336 1668.8 40 41.7199 7895.72 36 219.326 261.045 0.477005 1366 376 1742
85 0.45 0.0866801 1305.23 40 32.6307 4961.25 33 150.341 182.972 0.334342 659 156 815
90 0.45 0.0386965 392.055 36 10.8904 1302.17 26 50.0836 60.974 0.111417 309 74 383
5 0.5 8743.11 3.04694e+09 40 7.61734e+07 1.85863e+09 40 4.64656e+07 1.22639e+08 224097 14604946 13654383 28259329
10 0.5 4062.73 8.23497e+08 40 2.05874e+07 5.25402e+08 40 1.31351e+07 3.37225e+07 61620.7 7802131 7080266 14882397
15 0.5 1894.51 2.22611e+08 40 5.56526e+06 1.48871e+08 40 3.72178e+06 9.28704e+06 16970.1 4126299 3606668 7732967
20 0.5 915.134 6.41938e+07 40 1.60485e+06 4.55753e+07 40 1.13938e+06 2.74423e+06 5014.5 2221255 1858893 4080148
25 0.5 446.852 1.8898e+07 40 472451 1.43551e+07 40 358878 831329 1519.08 1212083 968591 2180674
30 0.5 223.018 5.98286e+06 40 149571 4.92693e+06 40 123173 272745 498.383 667097 505789 1172886
35 0.5 114.773 2.06705e+06 40 51676.1 1.90899e+06 40 47724.9 99401 181.634 369382 263435 632817
40 0.5 59.4712 753259 40 18831.5 786028 40 19650.7 38482.2 70.318 204749 136652 341401
45 0.5 30.4634 271612 40 6790.31 343680 40 8592 15382.3 28.1079 113342 70448 183790
50 0.5 16.3249 112575 40 2814.37 169297 40 4232.43 7046.79 12.8765 62430 35846 98276
55 0.5 8.6236 45698.9 40 1142.47 87286.3 40 2182.16 3324.63 6.07506 34241 17919 52160
60 0.5 4.5957 19195.1 40 479.878 45114.7 40 1127.87 1607.74 2.93781 18563 8864 27427
65 0.5 2.43431 8347.2 40 208.68 25709.4 40 642.735 851.415 1.55578 10057 4302 14359
70 0.5 1.2297 3316.04 40 82.9011 13112.8 40 327.819 410.72 0.750504 5321 2034 7355
75 0.5 0.665043 2329.6 40 58.2399 9144.02 40 228.6 286.84 0.52414 2743 900 3643
80 0.5 0.351344 1286.81 40 32.1704 5903.94 36 163.998 196.169 0.358457 1366 376 1742
85 0.5 0.175672 1009.43 40 25.2358 3904.18 33 118.309 143.544 0.262297 659 156 815
90 0.5 0.0784249 317.979 36 8.83275 1059.62 26 40.7547 49.5874 0.0906105 309 74 383
5 0.55 16902.2 2.29206e+09 40 5.73016e+07 9.92228e+08 40 2.48057e+07 8.21073e+07 150034 14604946 13654383 28259329
10 0.55 7854.08 6.21167e+08 40 1.55292e+07 2.81573e+08 40 7.03934e+06 2.25685e+07 41239.2 7802131 7080266 14882397
15 0.55 3662.47 1.68696e+08 40 4.2174e+06 8.07706e+07 40 2.01926e+06 6.23667e+06 11396.2 4126299 3606668 7732967
20 0.55 1769.14 4.9059e+07 40 1.22648e+06 2.53356e+07 40 633391 1.85987e+06 3398.51 2221255 1858893 4080148
25 0.55 863.856 1.46257e+07 40 365643 8.27823e+06 40 206956 572599 1046.3 1212083 968591 2180674
30 0.55 431.139 4.70745e+06 40 117686 2.98551e+06 40 74637.7 192324 351.431 667097 505789 1172886
35 0.55 221.88 1.6589e+06 40 41472.6 1.21508e+06 40 30376.9 71849.5 131.29 369382 263435 632817
40 0.55 114.97 617910 40 15447.8 529294 40 13232.4 28680.1 52.4068 204749 136652 341401
45 0.55 58.8918 226158 40 5653.95 243993 40 6099.83 11753.8 21.4775 113342 70448 183790
50 0.55 31.5594 95147.3 40 2378.68 122333 40 3058.32 5437 9.93497 62430 35846 98276
55 0.55 16.6712 38323.3 40 958.081 63742.5 40 1593.56 2551.64 4.66259 34241 17919 52160
60 0.55 8.88441 15941.6 40 398.541 32778.3 40 819.459 1218 2.22564 18563 8864 27427
65 0.55 4.70601 6831.49 40 170.787 18384.7 40 459.617 630.404 1.15193 10057 4302 14359
70 0.55 2.37726 2680.83 40 67.0208 8889.06 40 222.226 289.247 0.528538 5321 2034 7355
75 0.55 1.28566 1861.77 40 46.5444 6261.79 40 156.545 203.089 0.371102 2743 900 3643
80 0.55 0.679218 1013.23 40 25.3307 4186.81 36 116.3 141.631 0.258801 1366 376 1742
85 0.55 0.339609 794.098 40 19.8524 2931.39 33 88.8299 108.682 0.198594 659 156 815
90 0.55 0.151611 264.722 36 7.35338 822.671 26 31.6412 38.9946 0.0712543 309 74 383
5 0.6 31005 1.68052e+09 40 4.20129e+07 4.26353e+08 40 1.06588e+07 5.26717e+07 96246.4 14604946 13654383 28259329
10 0.6 14407.3 4.57475e+08 40 1.14369e+07 1.22337e+08 40 3.05843e+06 1.44953e+07 26487.1 7802131 7080266 14882397
15 0.6 6718.34 1.25175e+08 40 3.12938e+06 3.61143e+07 40 902857 4.03224e+06 7368.06 4126299 3606668 7732967
20 0.6 3245.26 3.68664e+07 40 921661 1.19445e+07 40 298612 1.22027e+06 2229.79 2221255 1858893 4080148
25 0.6 1584.64 1.11956e+07 40 279889 4.19019e+06 40 104755 384644 702.855 1212083 968591 2180674
30 0.6 790.872 3.68968e+06 40 92242 1.64464e+06 40 41116.1 133358 243.684 667097 505789 1172886
35 0.6 407.011 1.33525e+06 40 33381.2 719828 40 17995.7 51376.8 93.8803 369382 263435 632817
40 0.6 210.898 511614 40 12790.3 336687 40 8417.18 21207.5 38.7523 204749 136652 341401
45 0.6 108.03 190976 40 4774.41 164762 40 4119.05 8893.46 16.2509 113342 70448 183790
50 0.6 57.8917 81823.3 40 2045.58 83639.7 40 2090.99 4136.58 7.55871 62430 35846 98276
55 0.6 30.5812 32756.8 40 818.92 43859 40 1096.47 1915.39 3.49998 34241 17919 52160
60 0.6 16.2973 13509.3 40 337.732 22258.8 40 556.471 894.203 1.63397 18563 8864 27427
65 0.6 8.63259 5712.87 40 142.822 12209.6 40 305.239 448.061 0.818736 10057 4302 14359
70 0.6 4.36079 2220.23 40 55.5057 5524.16 40 138.104 193.61 0.353781 5321 2034 7355
75 0.6 2.35839 1518.02 40 37.9505 3887.06 40 97.1766 135.127 0.246916 2743 900 3643
80 0.6 1.24594 808.024 40 20.2006 2658.68 36 73.8522 94.0528 0.171862 1366 376 1742
85 0.6 0.62297 620.132 40 15.5033 1989.96 33 60.3018 75.8051 0.138518 659 156 815
90 0.6 0.278112 220.601 36 6.12781 575.326 26 22.1279 28.2557 0.0516313 309 74 383
5 0.65 54372.7 1.11531e+09 40 2.78827e+07 1.4599e+08 37 3.94567e+06 3.18284e+07 58159.7 14604946 13654383 28259329
10 0.65 25265.8 3.06572e+08 40 7.66429e+06 4.34711e+07 37 1.17489e+06 8.83918e+06 16151.7 7802131 7080266 14882397
15 0.65 11781.8 8.52193e+07 40 2.13048e+06 1.37927e+07 37 372777 2.50326e+06 4574.18 4126299 3606668 7732967
20 0.65 5691.14 2.57263e+07 40 643157 5.10769e+06 37 138046 781202 1427.48 2221255 1858893 4080148
25 0.65 2778.94 8.08402e+06 40 202100 2.02714e+06 37 54787.5 256888 469.408 1212083 968591 2180674
30 0.65 1386.93 2.77764e+06 40 69441.1 896051 37 24217.6 93658.7 171.141 667097 505789 1172886
35 0.65 713.766 1.0494e+06 40 26235 425771 37 11507.3 37742.3 68.966 369382 263435 632817
40 0.65 369.846 419821 40 10495.5 212298 37 5737.79 16233.3 29.6629 204749 136652 341401
45 0.65 189.449 161574 40 4039.36 108934 37 2944.16 6983.51 12.7609 113342 70448 183790
50 0.65 101.523 71029.2 40 1775.73 55123.6 37 1489.83 3265.56 5.96711 62430 35846 98276
55 0.65 53.6295 28375.5 40 709.388 28749.1 37 777.003 1486.39 2.71607 34241 17919 52160
60 0.65 28.5803 11630.5 40 290.761 14196.2 37 383.681 674.442 1.2324 18563 8864 27427
65 0.65 15.1388 4866.92 40 121.673 7531 37 203.541 325.214 0.594259 10057 4302 14359
70 0.65 7.64742 1885.97 40 47.1492 3175.97 37 85.8369 132.986 0.243004 5321 2034 7355
75 0.65 4.13585 1253.99 40 31.3498 2140.87 37 57.8613 89.2112 0.163014 2743 900 3643
80 0.65 2.18498 641.324 40 16.0331 1430.34 35 40.8667 56.8999 0.103972 1366 376 1742
85 0.65 1.09249 460.996 40 11.5249 1158.16 33 35.0958 46.6207 0.0851895 659 156 815
90 0.65 0.487718 178.122 36 4.94784 343.307 26 13.2041 18.152 0.0331689 309 74 383
5 0.7 92431.1 6.29685e+08 40 1.57421e+07 4.31187e+07 32 1.34746e+06 1.70896e+07 31227.6 14604946 13654383 28259329
10 0.7 42950.7 1.77723e+08 40 4.44309e+06 1.44236e+07 32 450739 4.89383e+06 8942.43 7802131 7080266 14882397
15 0.7 20028.5 5.14501e+07 40 1.28625e+06 5.39802e+06 32 168688 1.45494e+06 2658.6 4126299 3606668 7732967
20 0.7 9674.67 1.64348e+07 40 410870 2.39864e+06 32 74957.4 485828 887.747 2221255 1858893 4080148
25 0.7 4724.07 5.53993e+06 40 138498 1.10784e+06 32 34620.2 173118 316.337 1212083 968591 2180674
30 0.7 2357.72 2.05657e+06 40 51414.2 546471 32 17077.2 68491.4 125.154 667097 505789 1172886
35 0.7 1213.37 833162 40 20829.1 275116 32 8597.39 29426.4 53.7706 369382 263435 632817
40 0.7 628.721 355184 40 8879.6 141644 32 4426.38 13306 24.3139 204749 136652 341401
45 0.7 322.055 143131 40 3578.26 74136 32 2316.75 5895.01 10.7719 113342 70448 183790
50 0.7 172.585 65090.7 40 1627.27 36808.5 32 1150.27 2777.53 5.07536 62430 35846 98276
55 0.7 91.1676 26257.3 40 656.433 18727.6 32 585.238 1241.67 2.26889 34241 17919 52160
60 0.7 48.5851 10803.7 40 270.092 8869.34 32 277.167 547.259 1 18563 8864 27427
65 0.7 25.7352 4535.34 40 113.384 4464.39 32 139.512 252.896 0.462114 10057 4302 14359
70 0.7 13.0003 1790.63 40 44.7658 1752.33 32 54.7602 99.526 0.181863 5321 2034 7355
75 0.7 7.03075 1137.11 40 28.4279 1043.26 32 32.6019 61.0298 0.111519 2743 900 3643
80 0.7 3.71436 543.281 40 13.582 624.877 31 20.1573 33.7393 0.0616515 1366 376 1742
85 0.7 1.85718 330.516 40 8.2629 548.682 29 18.9201 27.183 0.0496711 659 156 815
90 0.7 0.829098 139.297 36 3.86936 164.826 24 6.86776 10.7371 0.0196198 309 74 383
5 0.75 158813 3.21828e+08 34 9.46552e+06 1.27087e+07 27 470692 9.93621e+06 18156.3 14604946 13654383 28259329
10 0.75 73796.9 9.75213e+07 34 2.86827e+06 5.79377e+06 27 214584 3.08286e+06 5633.27 7802131 7080266 14882397
15 0.75 34412.5 3.10789e+07 34 914086 2.83791e+06 27 105108 1.01919e+06 1862.36 4126299 3606668 7732967
20 0.75 16622.8 1.10849e+07 34 326025 1.50277e+06 27 55658.1 381683 697.445 2221255 1858893 4080148
25 0.75 8116.78 4.18042e+06 34 122954 778889 27 28847.7 151801 277.385 1212083 968591 2180674
30 0.75 4050.98 1.7204e+06 34 50600 408549 27 15131.4 65731.4 120.11 667097 505789 1172886
35 0.75 2084.78 752959 34 22145.8 210765 27 7806.12 29952 54.7309 369382 263435 632817
40 0.75 1080.25 341418 34 10041.7 109062 27 4039.34 14081 25.7301 204749 136652 341401
45 0.75 553.347 143977 34 4234.61 56865.2 27 2106.12 6340.73 11.5863 113342 70448 183790
50 0.75 296.532 67281.2 34 1978.86 27740.5 27 1027.43 3006.29 5.49335 62430 35846 98276
55 0.75 156.642 27696.3 34 814.597 13657.4 27 505.828 1320.43 2.4128 34241 17919 52160
60 0.75 83.4779 11536.3 34 339.302 6253.94 27 231.628 570.93 1.04325 18563 8864 27427
65 0.75 44.2176 4918.28 34 144.655 2962.77 27 109.732 254.388 0.464839 10057 4302 14359
70 0.75 22.3367 2002.2 34 58.8884 1133.66 27 41.9873 100.876 0.184329 5321 2034 7355
75 0.75 12.0801 1225.55 34 36.0457 532.809 27 19.7337 55.7793 0.101925 2743 900 3643
80 0.75 6.38193 541.392 34 15.9233 239.928 27 8.88622 24.8095 0.0453341 1366 376 1742
85 0.75 3.19096 258.428 34 7.60082 215.746 26 8.29793 15.8987 0.0290516 659 156 815
90 0.75 1.42454 113.148 33 3.42874 65.565 21 3.12214 6.55088 0.0119703 309 74 383
5 0.8 292080 1.62522e+08 28 5.80436e+06 7.98058e+06 22 362754 6.16711e+06 11269.1 14604946 13654383 28259329
10 0.8 135723 5.80146e+07 28 2.07195e+06 4.59258e+06 22 208753 2.2807e+06 4167.5 7802131 7080266 14882397
15 0.8 63289.6 2.18831e+07 28 781541 2.50767e+06 22 113985 895526 1636.38 4126299 3606668 7732967
20 0.8 30571.7 9.03251e+06 28 322590 1.36523e+06 22 62055.8 384645 702.858 2221255 1858893 4080148
25 0.8 14927.9 3.81853e+06 28 136376 724834 22 32947 169323 309.402 1212083 968591 2180674
30 0.8 7450.34 1.70841e+06 28 61014.5 381519 22 17341.8 78356.2 143.179 667097 505789 1172886
35 0.8 3834.21 787872 28 28138.3 196463 22 8930.13 37068.4 67.7347 369382 263435 632817
40 0.8 1986.74 370943 28 13247.9 100580 22 4571.8 17819.8 32.5618 204749 136652 341401
45 0.8 1017.68 161105 28 5753.73 51534.1 22 2342.46 8096.19 14.7941 113342 70448 183790
50 0.8 545.364 76425.9 28 2729.5 25036.1 22 1138 3867.5 7.06704 62430 35846 98276
55 0.8 288.087 32073.9 28 1145.5 12101.5 22 550.068 1695.56 3.09828 34241 17919 52160
60 0.8 153.528 13507 28 482.393 5577.44 22 253.52 735.913 1.34472 18563 8864 27427
65 0.8 81.3225 5833.59 28 208.343 2597.76 22 118.08 326.422 0.596468 10057 4302 14359
70 0.8 41.0805 2437.23 28 87.044 1066.36 22 48.471 135.515 0.247625 5321 2034 7355
75 0.8 22.217 1449.18 28 51.7564 427.284 22 19.422 71.1784 0.130063 2743 900 3643
80 0.8 11.7373 604.766 28 21.5988 150.379 22 6.83542 28.4342 0.0519575 1366 376 1742
85 0.8 5.86864 248.511 28 8.87539 94.493 22 4.29514 13.1705 0.0240663 659 156 815
90 0.8 2.61993 103.855 28 3.70911 33.5152 19 1.76396 5.47307 0.0100009 309 74 383
5 0.85 624261 9.38917e+07 22 4.2678e+06 9.68794e+06 17 569879 4.83768e+06 8839.84 14604946 13654383 28259329
10 0.85 290080 4.39024e+07 22 1.99556e+06 5.31898e+06 17 312881 2.30845e+06 4218.2 7802131 7080266 14882397
15 0.85 135269 1.98961e+07 22 904368 2.79156e+06 17 164209 1.06858e+06 1952.6 4126299 3606668 7732967
20 0.85 65340.8 9.19557e+06 22 417980 1.45764e+06 17 85743.7 503724 920.449 2221255 1858893 4080148
25 0.85 31905.4 4.16502e+06 22 189319 755923 17 44466.1 233785 427.193 1212083 968591 2180674
30 0.85 15923.6 1.94211e+06 22 88277.7 388804 17 22870.8 111149 203.1 667097 505789 1172886
35 0.85 8194.85 915723 22 41623.8 197127 17 11595.7 53219.5 97.2473 369382 263435 632817
40 0.85 4246.26 437525 22 19887.5 99181.7 17 5834.22 25721.7 47.0009 204749 136652 341401
45 0.85 2175.09 192550 22 8752.28 49876.9 17 2933.93 11686.2 21.3541 113342 70448 183790
50 0.85 1165.6 91673.7 22 4166.98 24327.1 17 1431 5597.99 10.2291 62430 35846 98276
55 0.85 615.728 38883.5 22 1767.43 11739.4 17 690.555 2457.99 4.49145 34241 17919 52160
60 0.85 328.134 16508.5 22 750.384 5489.86 17 322.933 1073.32 1.96126 18563 8864 27427
65 0.85 173.81 7180.18 22 326.372 2557.22 17 150.425 476.796 0.871244 10057 4302 14359
70 0.85 87.8011 3067.77 22 139.444 1130.9 17 66.5238 205.968 0.376363 5321 2034 7355
75 0.85 47.4843 1811.65 22 82.3476 455.651 17 26.803 109.151 0.19945 2743 900 3643
80 0.85 25.086 733.005 22 33.3184 169.66 17 9.97998 43.2984 0.0791186 1366 376 1742
85 0.85 12.543 300.513 22 13.6597 72.5304 17 4.2665 17.9262 0.0327563 659 156 815
90 0.85 5.59956 119.505 22 5.43203 31.4642 15 2.09761 7.52964 0.0137588 309 74 383
5 0.9 1.7457e+06 7.82754e+07 17 4.60443e+06 1.1757e+07 14 839788 5.44422e+06 9948.16 14604946 13654383 28259329
10 0.9 811187 4.57866e+07 17 2.69333e+06 6.12488e+06 14 437492 3.13082e+06 5720.91 7802131 7080266 14882397
15 0.9 378268 2.28874e+07 17 1.34632e+06 3.09132e+06 14 220808 1.56713e+06 2863.6 4126299 3606668 7732967
20 0.9 182721 1.10493e+07 17 649962 1.55956e+06 14 111397 761359 1391.22 2221255 1858893 4080148
25 0.9 89221 5.10868e+06 17 300510 788725 14 56337.5 356848 652.064 1212083 968591 2180674
30 0.9 44529.1 2.40245e+06 17 141320 397328 14 28380.5 169701 310.092 667097 505789 1172886
35 0.9 22916.3 1.13467e+06 17 66745.3 198782 14 14198.7 80944 147.908 369382 263435 632817
40 0.9 11874.3 542300 17 31900 98988.5 14 7070.61 38970.6 71.2106 204749 136652 341401
45 0.9 6082.48 238381 17 14022.4 49251.4 14 3517.96 17540.4 32.0513 113342 70448 183790
50 0.9 3259.52 112936 17 6643.3 24129 14 1723.5 8366.8 15.2886 62430 35846 98276
55 0.9 1721.84 47910.1 17 2818.24 11682.2 14 834.446 3652.69 6.67451 34241 17919 52160
60 0.9 917.602 20352 17 1197.18 5572.9 14 398.065 1595.24 2.91496 18563 8864 27427
65 0.9 486.047 8908.26 17 524.016 2665.35 14 190.382 714.398 1.30541 10057 4302 14359
70 0.9 245.529 3849.45 17 226.438 1238.23 14 88.4451 314.883 0.575383 5321 2034 7355
75 0.9 132.786 2283.55 17 134.327 525.759 14 37.5542 171.881 0.314076 2743 900 3643
80 0.9 70.1512 929.323 17 54.666 217.039 14 15.5028 70.1688 0.128219 1366 376 1742
85 0.9 35.0756 379.252 17 22.3089 88.53 14 6.32357 28.6325 0.0523198 659 156 815
90 0.9 15.6587 157.068 17 9.23929 41.1673 13 3.16671 12.406 0.0226693 309 74 383
5 0.95 6.83968e+06 9.88594e+07 11 8.98722e+06 1.25487e+07 11 1.14079e+06 1.0128e+07 18506.8 14604946 13654383 28259329
10 0.95 3.17825e+06 6.26361e+07 11 5.69419e+06 6.32107e+06 11 574643 6.26883e+06 11455 7802131 7080266 14882397
15 0.95 1.48206e+06 3.18923e+07 11 2.8993e+06 3.08079e+06 11 280072 3.17937e+06 5809.63 4126299 3606668 7732967
20 0.95 715904 1.5374e+07 11 1.39763e+06 1.50211e+06 11 136556 1.53419e+06 2803.41 2221255 1858893 4080148
25 0.95 349570 7.04671e+06 11 640610 737333 11 67030.2 707640 1293.06 1212083 968591 2180674
30 0.95 174466 3.27397e+06 11 297633 362346 11 32940.5 330574 604.054 667097 505789 1172886
35 0.95 89786.4 1.52453e+06 11 138593 178165 11 16196.8 154790 282.846 369382 263435 632817
40 0.95 46523.9 720498 11 65499.8 87550.7 11 7959.16 73459 134.231 204749 136652 341401
45 0.95 23831.3 311357 11 28305.2 43068.3 11 3915.3 32220.5 58.8761 113342 70448 183790
50 0.95 12770.9 144951 11 13177.3 21049.7 11 1913.61 15090.9 27.5755 62430 35846 98276
55 0.95 6746.19 60534 11 5503.09 10195.2 11 926.838 6429.93 11.7493 34241 17919 52160
60 0.95 3595.19 25201 11 2291 4920.02 11 447.274 2738.28 5.00362 18563 8864 27427
65 0.95 1904.34 10891.4 11 990.123 2369.65 11 215.423 1205.55 2.20288 10057 4302 14359
70 0.95 961.989 4692.3 11 426.573 1119.1 11 101.737 528.31 0.965374 5321 2034 7355
75 0.95 520.259 2878.54 11 261.686 492.116 11 44.7378 306.424 0.559924 2743 900 3643
80 0.95 274.854 1154.7 11 104.973 211.999 11 19.2727 124.245 0.227032 1366 376 1742
85 0.95 137.427 453.203 11 41.2003 93.0667 11 8.46061 49.6609 0.0907447 659 156 815
90 0.95 61.3513 190.179 11 17.289 42.7574 10 4.27574 21.5647 0.039405 309 74 383
